1 1411 626 1408 615 1425 609 1431 620 
1 1405 729 1411 727 1415 722 1413 717 
1 1391 752 1392 758 1389 760 1383 757 
1 1371 750 1372 746 1375 746 1378 748 
1 1452 733 1455 725 1453 717 1446 715 
1 1433 678 1429 667 1423 667 1419 673 
1 1417 674 1418 680 1424 682 1430 678 
1 1419 681 1419 690 1416 687 1419 682 
1 1418 690 1414 691 1413 696 1416 694 
1 1418 688 1415 690 1414 694 1415 697 
1 1390 657 1388 667 1393 675 1404 677 
1 1395 657 1391 664 1395 673 1404 676 
1 1452 729 1454 721 1451 717 1442 712 
1 1435 717 1430 722 1433 725 1437 720 
1 1441 710 1442 712 1419 720 1440 705 
1 1423 622 1427 621 1429 625 1424 627 
1 1411 630 1409 626 1413 625 1415 629 
1 1415 636 1410 632 1412 636 1416 636 
2 1430 619 0 0 84.8056 1431 630 -2.38365 21.9617 84.8056 
2 1437 637 8.71315 -0.152089 70.8637 1448 667 5.4936 8.46561 68.8637 
2 1439 691 4.03626 4.15525 406.332 1418 713 1.15212 2.61432 405.332 
2 1415 713 0 0 26.5651 1407 709 0 0 26.5651 
2 1415 713 0 0 6.34019 1406 712 0 0 6.34019 
2 1413 714 0 0 20.556 1405 711 0 0 20.556 
2 1412 715 0 0 14.0362 1404 713 0 0 14.0362 
2 1411 716 0 0 29.7449 1404 712 0 0 29.7449 
2 1411 718 0 0 15.9454 1404 716 0 0 15.9454 
2 1411 718 0 0 20.556 1403 715 0 0 20.556 
2 1392 749 3.68367 -10.7047 416.995 1407 725 -4.53887 16.7864 413.995 
2 1382 755 -5.81192 1.16659 9.43495 1370 751 6.58017 -8.45086 9.43495 
2 1427 705 0 0 68.1986 1431 715 5.21137 -1.35705 64.1986 
2 1379 753 0 0 -63.4349 1383 745 0 0 -63.4349 
2 1378 753 0 0 -74.0546 1380 746 0 0 -74.0546 
2 1376 753 0 0 -40.6013 1383 747 0 0 -40.6013 
2 1453 733 0 0 56.3099 1463 748 4.45601 2.72754 47.3099 
2 1444 759 0 0 -15.2551 1466 753 0 0 -15.2551 
2 1455 753 0 0 68.1986 1453 748 0 0 68.1986 
2 1455 751 0 0 63.4349 1456 753 0 0 63.4349 
2 1452 749 0 0 36.8699 1456 752 0 0 36.8699 
2 1456 754 0 0 45 1455 753 0 0 45 
2 1455 753 0 0 45 1452 750 0 0 45 
2 1450 752 0 0 -53.1301 1447 756 0 0 -53.1301 
2 1458 751 0 0 -33.6901 1464 747 4.50617 -9.83333 392.69 
2 1443 680 -1 -2.75 70.0169 1447 691 0 0 70.0169 
2 1451 681 0 0 27.8973 1434 672 9.19746 0.193933 16.8973 
2 1418 689 0 0 -69.444 1415 697 0 0 -69.444 
2 1376 658 60 0 0 1390 658 -64.2245 -47.1438 317 
2 1377 657 -33.8596 9.53058 362.945 1370 659 -1.3613 -11.4184 353.945 
2 1369 630 27 207 82.5686 1372 653 15.4788 183.903 72.5686 
2 1374 659 0 0 80.5377 1381 701 -24.3273 -0.424635 79.5377 
2 1382 702 0 0 90 1382 705 0 0 90 
2 1384 727 0 0 78.2317 1379 703 0 0 78.2317 
2 1379 715 0 0 84.2894 1378 705 0 0 84.2894 
2 1388 737 -9 -36 75.9638 1386 729 16.2693 -12.6613 71.9638 
2 1385 741 0 0 -45 1389 737 0 0 -45 
2 1374 661 0 0 82.875 1376 677 0 0 82.875 
2 1377 677 0 0 85.0303 1379 700 0 0 85.0303 
2 1434 718 0 0 -48.3665 1442 709 0 0 -48.3665 
2 1417 673 -31.0538 -52.3035 -71.5377 1421 649 -23.6018 25.6594 435.538 
2 1418 645 0 0 -83.6598 1416 663 8.75977 2.29488 442.66 
2 1399 655 19.2919 7.32861 384.228 1419 646 17.621 1.67497 373.228 
2 1421 642 -34 26.7143 -38.1572 1435 631 -28.7704 30.3706 393.157 
2 1414 628 0 0 -32.0054 1422 623 0 0 -32.0054 
2 1411 632 0 0 63.4349 1413 636 0 0 63.4349 
