1 1411 626 1408 615 1425 609 1431 620 
1 1417 731 1421 727 1418 722 1414 717 
1 1463 718 1457 710 1449 711 1446 715 
1 1433 678 1429 667 1423 667 1419 673 
1 1417 674 1418 680 1424 682 1430 678 
1 1419 681 1419 690 1416 687 1419 682 
1 1418 690 1414 691 1413 696 1416 694 
1 1418 688 1415 690 1414 694 1415 697 
1 1386 657 1384 667 1389 675 1404 686 
1 1395 657 1391 664 1396 685 1414 689 
1 1462 719 1452 706 1451 717 1441 715 
1 1435 717 1430 722 1433 725 1437 720 
1 1441 710 1442 712 1419 720 1440 705 
1 1423 622 1427 621 1429 625 1424 627 
1 1411 630 1409 626 1413 625 1415 629 
1 1415 636 1410 632 1412 636 1416 636 
1 1394 758 1395 753 1397 754 1399 754 
1 1475 744 1473 743 1471 741 1471 738 
2 1430 619 0 0 84.8056 1431 630 -2.38365 21.9617 84.8056 
2 1437 637 8.71315 -0.152089 70.8637 1448 667 5.4936 8.46561 68.8637 
2 1439 691 4.03626 4.15525 406.332 1418 713 1.15212 2.61432 405.332 
2 1415 713 0 0 26.5651 1407 709 0 0 26.5651 
2 1415 713 0 0 6.34019 1406 712 0 0 6.34019 
2 1413 714 0 0 20.556 1405 711 0 0 20.556 
2 1412 715 0 0 14.0362 1404 713 0 0 14.0362 
2 1411 716 0 0 29.7449 1404 712 0 0 29.7449 
2 1411 718 0 0 15.9454 1404 716 0 0 15.9454 
2 1411 718 0 0 20.556 1403 715 0 0 20.556 
2 1427 705 0 0 68.1986 1431 715 5.21137 -1.35705 64.1986 
2 1443 680 -1 -2.75 70.0169 1447 691 0 0 70.0169 
2 1451 681 0 0 27.8973 1434 672 9.19746 0.193933 16.8973 
2 1418 689 0 0 -69.444 1415 697 0 0 -69.444 
2 1376 658 60 0 0 1390 658 -64.2245 -47.1438 317 
2 1377 657 -33.8596 9.53058 362.945 1370 659 -1.3613 -11.4184 353.945 
2 1434 718 0 0 -48.3665 1442 709 0 0 -48.3665 
2 1417 673 -31.0538 -52.3035 -71.5377 1421 649 -23.6018 25.6594 435.538 
2 1418 645 0 0 -83.6598 1416 663 8.75977 2.29488 442.66 
2 1399 655 19.2919 7.32861 384.228 1419 646 17.621 1.67497 373.228 
2 1421 642 -34 26.7143 -38.1572 1435 631 -28.7704 30.3706 393.157 
2 1414 628 0 0 -32.0054 1422 623 0 0 -32.0054 
2 1411 632 0 0 63.4349 1413 636 0 0 63.4349 
2 1465 720 0 0 18.4349 1480 725 0 0 18.4349 
2 1416 732 -5.88771 -0.634752 -78.991 1414 751 -2.33129 18.9622 443.991 
2 1407 760 0 0 75.9638 1405 752 0 0 75.9638 
2 1408 758 0 0 78.6901 1407 753 0 0 78.6901 
2 1408 759 0 0 -90 1408 753 0 0 -90 
2 1375 655 19.9493 11.5445 434.471 1381 628 2.76394 -13.5503 439.471 
2 1383 628 0 0 -72.8973 1375 654 -4.83464 4.78291 434.897 
2 1376 656 0 0 -82.4054 1380 626 -4.36978 14.4881 444.405 
2 1375 660 0 0 -78.6901 1368 695 10.1918 -0.355906 439.69 
2 1367 696 6.83058 -4.61987 -72.9638 1359 728 8.24496 0.143916 436.964 
2 1351 754 2.28511 5.38779 -68.0169 1359 732 2.09568 -5.46426 430.017 
2 1370 704 0 0 -90 1370 688 -6.52873e+016 -2.27988e+015 449 
2 1379 658 0 0 -71.5651 1374 673 0 0 -71.5651 
2 1367 704 19.8375 5.35132 -45.8337 1356 731 -0.523294 5.27497 424.834 
2 1351 756 0 0 -79.1145 1356 730 0 0 -79.1145 
2 1349 755 0 0 -72.2553 1357 730 0 0 -72.2553 
2 1480 736 0 0 23.9625 1471 732 0 0 23.9625 
2 1479 734 0 0 -0 1474 734 0 0 -0 
2 1477 736 0 0 18.4349 1471 734 0 0 18.4349 
2 1478 738 0 0 63.4349 1475 732 0 0 63.4349 
2 1391 760 9 -0.75 -4.76364 1415 758 -43.1711 -37.8251 350.764 
2 1475 745 0 0 -55.4915 1486 729 12.1018 2.15415 414.491 
