1 271 626 268 615 285 609 291 620 
1 265 729 271 727 275 722 273 717 
1 251 752 252 758 249 760 243 757 
1 231 750 232 746 235 746 238 748 
1 312 733 315 725 313 717 306 715 
1 293 673 289 667 283 667 279 673 
1 277 674 278 680 284 682 290 678 
1 279 681 279 690 276 687 279 682 
1 278 690 274 691 273 696 276 694 
1 278 688 275 690 274 694 275 697 
1 250 657 248 667 253 675 264 677 
1 255 657 251 664 255 673 264 676 
1 312 729 314 721 311 717 302 712 
1 295 717 290 722 293 725 297 720 
1 301 710 302 712 279 720 300 705 
1 283 622 287 621 289 625 284 627 
1 271 630 269 626 273 625 275 629 
1 275 636 270 632 272 636 276 636 
2 290 619 0 0 84.8056 291 630 -2.38365 21.9617 84.8056 
2 297 637 8.71315 -0.152089 70.8637 308 667 5.4936 8.46561 68.8637 
2 299 691 4.03626 4.15525 406.332 278 713 1.15212 2.61432 405.332 
2 275 713 0 0 26.5651 267 709 0 0 26.5651 
2 275 713 0 0 6.34019 266 712 0 0 6.34019 
2 273 714 0 0 20.556 265 711 0 0 20.556 
2 272 715 0 0 14.0362 264 713 0 0 14.0362 
2 271 716 0 0 29.7449 264 712 0 0 29.7449 
2 271 718 0 0 15.9454 264 716 0 0 15.9454 
2 271 718 0 0 20.556 263 715 0 0 20.556 
2 252 749 3.68367 -10.7047 416.995 267 725 -4.53887 16.7864 413.995 
2 242 755 -5.81192 1.16659 9.43495 230 751 6.58017 -8.45086 9.43495 
2 287 705 0 0 68.1986 291 715 5.21137 -1.35705 64.1986 
2 239 753 0 0 -63.4349 243 745 0 0 -63.4349 
2 238 753 0 0 -74.0546 240 746 0 0 -74.0546 
2 236 753 0 0 -40.6013 243 747 0 0 -40.6013 
2 313 733 0 0 56.3099 323 748 4.45601 2.72754 47.3099 
2 304 759 0 0 -15.2551 326 753 0 0 -15.2551 
2 315 753 0 0 68.1986 313 748 0 0 68.1986 
2 315 751 0 0 63.4349 316 753 0 0 63.4349 
2 312 749 0 0 36.8699 316 752 0 0 36.8699 
2 316 754 0 0 45 315 753 0 0 45 
2 315 753 0 0 45 312 750 0 0 45 
2 310 752 0 0 -53.1301 307 756 0 0 -53.1301 
2 318 751 0 0 -33.6901 324 747 4.50617 -9.83333 392.69 
2 303 680 -1 -2.75 70.0169 307 691 0 0 70.0169 
2 311 681 0 0 27.8973 294 672 9.19746 0.193933 16.8973 
2 278 689 0 0 -69.444 275 697 0 0 -69.444 
2 236 658 60 0 0 250 658 -64.2245 -47.1438 317 
2 237 657 -33.8596 9.53058 362.945 230 659 -1.3613 -11.4184 353.945 
2 229 630 27 207 82.5686 232 653 15.4788 183.903 72.5686 
2 234 659 0 0 80.5377 241 701 -24.3273 -0.424635 79.5377 
2 242 702 0 0 90 242 705 0 0 90 
2 244 727 0 0 78.2317 239 703 0 0 78.2317 
2 239 715 0 0 84.2894 238 705 0 0 84.2894 
2 248 737 -9 -36 75.9638 246 729 16.2693 -12.6613 71.9638 
2 245 741 0 0 -45 249 737 0 0 -45 
2 234 661 0 0 82.875 236 677 0 0 82.875 
2 237 677 0 0 85.0303 239 700 0 0 85.0303 
2 294 718 0 0 -48.3665 302 709 0 0 -48.3665 
2 277 673 -31.0538 -52.3035 -71.5377 281 649 -23.6018 25.6594 435.538 
2 278 645 0 0 -83.6598 276 663 8.75977 2.29488 442.66 
2 259 655 19.2919 7.32861 384.228 279 646 17.621 1.67497 373.228 
2 281 642 -34 26.7143 -38.1572 295 631 -28.7704 30.3706 393.157 
2 274 628 0 0 -32.0054 282 623 0 0 -32.0054 
2 271 632 0 0 63.4349 273 636 0 0 63.4349 
